1.2271
-0.45703
-5.4272
-0.41847
1.8602
-1.7743
5.7372
-1.177
-2.9076
1.069
-2.3511
1.8363
2.5041
-6.4567
-4.2545
0.17524
-0.86122
-1.2255
4.4441
1.8442
1.594
-0.53488
-2.1319
-1.0241
-3.3319
-1.0607
-2.3527
1.7385
4.0349
-1.2629
-0.049352
1.8205
4.2678
2.9378
4.0306
2.4174
-5.2172
-2.5146
2.6362
-5.4428
2.8492
-2.7791
1.9844
8.0256
2.2763
-7.9029
-3.41
-1.4168
-1.5744
0.88771
-4.525
-0.80576
-6.021
-4.7249
2.8028
0.92699
-5.1228
3.16
-4.7137
2.9973
0.22731
1.8194
-0.82107
-3.6375
1.3382
-5.8006
3.687
2.8877
0.5742
2.2494
0.31228
-3.4145
3.4835
4.6221
-1.2875
-2.7187
0.42578
0.89744
3.8603
0.98349

